252,252,252,250,253,255,252,249,247,244,248;
254,249,251,251,255,253,249,247,241,238,241;
254,248,247,250,250,253,251,253,251,250,255;
246,244,247,250,253,253,253,252,252,250,255;
245,246,245,248,251,254,255,250,247,243,246;
247,244,246,248,250,252,255,253,254,251,253;
255,250,253,254,253,254,252,248,246,250,250;
247,244,250,255,252,245,241,248,247,242,240;
0,0,0,0,0,0,0,0,0,0,0;
255,248,250,254,254,253,249,251,248,246,250;
246,241,240,241,242,251,251,246,248,249,255;
238,234,241,241,242,249,252,255,253,247,251;
248,245,246,247,252,254,255,252,249,248,252;
253,253,254,254,255,254,252,249,248,246,246;
252,237,240,247,245,249,251,251,250,247,255;
237,228,233,242,248,255,250,248,240,230,239;
255,251,253,254,253,251,251,249,250,247,247;
255,249,246,248,250,245,239,231,227,223,229;
251,246,244,246,249,251,250,255,251,247,250;
245,239,242,244,246,248,247,255,253,249,252;
244,237,240,249,251,255,251,245,244,238,243;
253,248,248,244,247,253,255,251,249,249,254;
243,240,241,243,247,252,255,252,250,250,253;
250,243,245,249,247,249,255,252,251,249,253;
243,240,240,244,249,255,252,251,243,240,244;
246,240,247,252,247,254,255,246,243,243,250;
241,239,245,244,254,255,253,248,246,246,252;
241,236,241,244,247,255,253,253,253,252,252;
246,236,235,239,245,255,249,244,240,243,247;
248,243,250,248,248,251,250,251,253,250,255;
236,229,229,235,240,246,242,249,254,247,255;
247,241,239,246,242,242,246,249,248,247,255;
248,233,231,236,241,246,248,250,249,248,255;
254,252,252,253,254,254,254,254,254,253,255;
255,246,240,249,252,250,252,249,249,247,253;
242,239,242,242,247,255,247,248,241,239,247;
244,237,239,238,240,250,255,253,250,244,248;
246,239,241,246,247,255,254,251,250,251,253;
251,249,250,251,254,252,255,251,251,246,250;
255,246,242,241,251,247,243,242,240,233,242;
240,236,238,243,250,251,255,250,251,248,254;
252,245,248,250,250,253,253,251,254,248,255;
251,245,249,253,249,249,255,254,246,245,251;
246,238,239,242,244,247,247,253,251,247,255;
251,245,248,248,250,246,255,249,250,249,254;
255,247,247,245,246,252,252,248,247,247,251;
245,236,233,244,249,255,242,243,241,240,246;
235,232,237,241,243,249,255,250,241,245,250;
248,244,243,244,250,255,250,249,241,243,252;
240,239,244,245,255,254,248,244,245,240,248;
243,236,239,244,244,250,255,252,243,238,244;
243,241,241,245,247,255,254,250,249,249,251;
246,238,236,241,247,250,255,249,241,239,244;
245,243,246,239,248,246,244,240,237,245,255;
245,244,241,247,247,251,251,255,247,245,250;
242,239,242,240,245,250,247,250,251,248,255;
245,244,246,246,246,255,250,249,246,246,248;
255,249,248,245,250,247,250,250,248,248,254;
245,238,241,245,255,251,250,247,242,243,240;
232,228,234,235,239,247,252,255,253,251,253;
243,240,247,254,250,255,248,246,245,245,246;
249,245,246,249,248,255,254,254,255,250,253;
253,247,248,245,247,255,252,253,248,247,252;
251,240,239,239,249,255,254,250,249,248,253;
251,247,247,243,244,244,244,249,251,248,255;
242,235,234,239,243,248,251,255,250,248,254;
245,243,249,249,251,251,255,246,250,249,254;
252,248,251,249,253,250,248,251,252,251,255;
242,237,237,239,251,255,251,249,246,244,250;
254,247,247,255,250,246,251,249,251,249,253;
242,237,236,237,248,255,250,244,245,244,247;
254,247,253,255,249,254,251,250,250,245,251;
252,246,247,245,251,253,252,255,249,246,251;
245,239,234,240,246,250,251,247,250,250,255;
243,241,247,247,250,252,253,253,250,250,255;
247,244,245,247,252,252,252,255,249,246,250;
249,249,248,250,250,255,251,245,243,241,247;
240,231,232,238,241,250,255,253,245,246,251;
252,246,247,250,249,249,249,251,252,253,255;
238,232,229,239,243,251,255,253,251,248,253;
247,243,248,249,252,255,251,247,247,245,251;
248,243,245,249,252,249,252,255,246,246,252;
255,247,247,248,246,253,254,252,248,242,248;
245,242,249,248,253,249,255,249,247,243,247;
248,242,246,248,249,250,250,251,246,246,255;
243,237,234,232,241,244,247,252,247,250,255;
255,251,253,251,253,251,253,253,253,251,252;
243,240,238,241,240,246,250,249,253,254,255;
248,246,251,252,252,255,254,253,254,251,254;
241,235,238,242,250,255,249,251,248,241,245;
247,246,246,246,248,251,247,249,248,246,255;
246,240,235,240,241,242,245,247,249,248,255;
244,240,241,243,245,248,249,252,252,254,255;
248,245,248,252,248,248,254,255,254,250,253;
255,249,245,246,250,251,243,250,252,247,254;
244,239,239,245,247,250,248,252,250,251,255;
235,229,236,237,241,252,249,250,255,248,253;
247,243,250,255,251,248,249,248,246,244,251;
240,236,246,251,251,248,245,247,241,245,255;
248,245,248,243,246,255,253,253,250,247,250;
253,244,243,245,242,248,254,248,246,250,255;
246,240,247,249,247,253,248,254,248,245,255;
255,252,253,247,250,252,254,251,251,244,254;
231,231,231,242,247,253,255,254,248,241,246;
246,241,244,248,252,251,252,255,250,250,253;
252,251,250,250,253,253,252,253,254,254,255;
247,247,250,243,246,250,255,251,250,248,253;
253,241,239,251,251,255,249,249,243,237,244;
248,237,236,238,244,249,255,247,244,240,244;
243,238,240,242,247,244,251,252,251,247,255;
248,238,235,239,236,246,248,250,253,251,255;
240,237,243,248,242,247,245,251,252,251,255;
237,234,241,242,247,255,252,250,252,251,252;
240,237,241,245,250,255,249,251,248,245,247;
255,248,249,241,244,242,251,250,251,249,254;
244,241,242,244,244,248,248,248,246,249,255;
248,247,246,249,250,250,245,248,246,250,255;
237,231,240,249,247,255,254,254,252,246,251;
246,243,242,243,248,255,251,251,248,250,254;
252,247,250,247,255,252,253,250,248,245,251;
246,237,239,237,236,242,239,245,247,246,255;
254,254,254,255,254,254,254,252,251,250,249;
244,243,244,244,246,249,252,253,251,249,255;
252,246,253,251,252,254,255,253,253,248,249;
252,249,255,249,251,253,252,253,246,244,248;
250,248,248,251,254,253,255,251,252,251,254;
255,252,253,252,253,252,250,250,247,247,248;
250,250,252,250,249,253,253,255,253,250,254;
255,252,252,254,253,251,248,246,244,241,245;
255,248,250,250,251,250,253,252,248,242,249;
252,246,239,246,248,248,249,246,248,249,255;
244,238,238,247,249,251,255,247,240,242,251;
239,236,243,244,251,254,255,251,248,249,253;
248,244,242,246,244,254,255,254,253,248,254;
255,249,252,248,248,250,248,247,249,248,252;
243,239,245,246,247,246,253,252,251,249,255;
251,243,244,248,248,245,249,255,252,250,251;
243,238,240,245,248,248,255,250,244,241,248;
249,241,245,253,250,252,255,251,244,242,249;
255,251,251,246,246,251,248,247,243,247,253;
248,244,248,248,251,254,255,248,250,247,255;
251,243,237,242,245,252,255,253,252,248,252;
253,245,245,244,243,250,250,255,249,249,254;
230,228,233,241,246,249,255,253,244,240,240;
254,246,253,247,246,255,247,235,233,236,246;
243,235,235,235,242,252,250,246,243,246,255;
248,243,244,241,248,255,248,246,248,248,250;
250,248,254,252,253,252,255,249,245,249,253;
247,243,246,246,250,251,255,252,250,248,252;
241,239,240,243,244,250,255,246,244,245,252;
253,249,249,246,252,253,253,253,254,250,255;
250,241,246,243,243,242,242,238,241,243,255;
241,241,243,243,251,254,254,255,248,241,246;
251,242,244,249,240,247,253,253,252,248,255;
236,230,232,239,244,252,255,254,250,248,248;
251,248,253,251,250,251,255,246,243,241,247;
237,233,235,244,250,255,253,245,246,238,241;
245,243,247,247,249,255,251,244,245,244,251;
255,245,243,248,250,251,246,249,245,244,247;
246,240,242,244,245,255,254,249,249,246,254;
251,242,249,255,247,252,250,248,243,242,249;
247,240,241,246,248,255,251,252,252,247,250;
255,247,248,249,247,252,247,248,245,244,251;
247,243,245,249,249,251,251,253,253,251,255;
249,243,246,245,247,252,255,250,252,248,252;
243,234,231,235,238,247,249,249,242,245,255;
244,245,247,249,248,252,255,251,253,252,252;
246,239,237,238,244,254,252,252,255,251,253;
246,244,242,244,250,255,252,249,249,246,251;
244,245,246,243,251,255,251,250,251,252,254;
250,245,250,254,255,252,250,247,246,246,248;
240,233,230,230,232,236,242,245,249,248,255;
255,244,245,242,245,249,244,243,241,238,245;
255,247,254,245,244,246,247,245,248,247,251;
252,246,243,241,252,254,255,251,250,246,251;
249,244,246,249,252,255,248,247,246,241,244;
242,237,240,243,248,254,254,255,249,248,252;
245,241,246,250,255,255,252,249,247,246,253;
241,234,236,239,245,255,248,247,241,243,247;
247,244,245,239,244,248,247,246,253,249,255;
249,238,244,242,253,253,250,247,250,247,255;
245,240,243,239,244,247,247,251,255,244,250;
251,243,246,241,250,251,253,255,248,246,247;
249,242,245,243,254,254,252,252,249,246,255;
246,239,239,243,245,248,251,253,249,250,255;
243,235,240,241,244,246,244,245,247,252,255;
250,242,241,246,250,245,253,255,252,247,250;
254,250,250,250,253,254,255,244,241,237,242;
248,244,250,247,250,252,255,246,244,242,245;
255,247,249,245,241,251,249,245,245,243,249;
247,243,245,241,244,249,246,253,252,253,255;
255,248,251,253,254,253,250,249,249,251,252;
224,138,154,182,230,255,236,199,182,178,250;
251,243,248,253,247,255,248,249,244,247,254;
255,247,249,251,251,250,249,245,242,245,251;
239,236,238,247,248,255,252,249,247,246,248;
252,247,251,251,250,255,251,250,246,246,253;
247,239,238,248,251,255,251,248,245,247,253;
241,238,240,245,249,255,251,254,249,248,252;
248,244,241,239,248,255,254,253,254,252,253;
252,245,248,249,251,253,250,250,248,249,255;
