13:51:04,230,213,164,86,24,13,62,148,218,249,255;
13:51:03,231,214,166,88,25,14,62,148,217,248,255;
13:51:02,230,212,164,86,25,14,62,148,217,248,255;
13:51:01,230,213,164,87,26,16,64,150,219,249,255;
13:51:00,231,214,166,88,27,17,64,149,217,248,255;
13:50:59,231,214,166,89,27,17,64,148,217,248,255;
13:50:58,231,214,165,88,28,18,65,149,218,249,255;
13:50:57,245,231,192,130,81,72,108,173,227,250,255;
13:50:56,255,254,253,252,250,248,246,245,244,243,243;
13:50:55,255,254,252,249,247,245,243,242,240,240,239;
13:50:54,229,212,163,85,24,14,62,148,218,249,255;
13:50:53,229,211,162,84,23,13,62,148,218,249,255;
13:50:52,230,212,163,85,24,14,62,148,218,249,255;
13:50:51,229,212,163,85,24,13,62,149,218,249,255;
13:50:50,229,211,163,86,25,15,63,150,219,249,255;
13:50:49,231,213,164,86,24,14,62,148,217,248,255;
13:50:48,231,214,165,87,25,14,63,149,218,249,255;
13:50:47,230,212,164,86,25,15,63,149,218,249,255;
13:50:46,229,211,163,85,25,15,63,149,219,249,255;
13:50:45,229,212,163,86,26,16,64,150,219,249,255;
13:50:44,230,213,166,89,28,18,66,151,219,249,255;
13:50:43,232,215,168,92,31,18,63,148,218,249,255;
13:50:42,244,228,182,105,44,35,85,169,232,254,255;
13:50:41,255,254,254,254,253,253,253,253,253,254,254;
13:50:40,249,235,185,97,25,19,85,183,244,255,245;
13:50:39,230,213,164,86,24,15,64,150,219,249,255;
13:50:38,229,211,163,86,26,17,65,152,220,249,255;
13:50:37,229,211,164,90,29,15,59,146,217,249,255;
13:50:36,228,211,163,87,26,14,60,147,217,249,255;
13:50:35,231,214,167,92,30,16,60,146,217,248,255;
13:50:34,231,214,167,90,29,16,62,149,219,249,255;
13:50:33,229,211,162,85,23,14,63,150,219,249,255;
13:50:32,229,211,163,87,26,14,62,148,218,249,255;
13:50:31,230,212,164,89,28,17,63,149,219,249,255;
13:50:30,228,211,162,85,26,16,65,151,220,249,255;
13:50:29,229,211,162,85,25,15,63,149,218,249,255;
13:50:28,230,213,165,88,29,19,66,151,219,249,255;
13:50:27,249,237,205,154,115,108,136,188,231,251,255;
13:50:26,255,254,254,254,254,254,254,254,254,254,254;
13:50:25,249,234,184,94,21,15,83,183,245,255,245;
13:50:24,230,213,166,90,30,18,63,149,219,249,255;
13:50:23,230,212,165,90,30,17,61,147,218,249,255;
13:50:22,229,211,162,85,25,16,65,151,220,249,255;
13:50:21,229,212,163,86,25,15,64,151,219,249,255;
13:50:20,229,211,163,86,27,17,65,151,220,249,255;
13:50:19,230,213,164,87,26,17,65,150,218,249,255;
13:50:18,230,212,164,86,26,16,64,149,218,249,255;
13:50:17,231,214,165,88,27,18,65,150,219,249,255;
13:50:16,231,213,165,87,27,18,66,150,219,249,255;
13:50:15,229,212,164,88,28,19,66,151,220,249,255;
13:50:14,229,212,164,88,29,20,67,152,220,250,255;
13:50:13,230,212,165,88,29,20,68,153,221,250,255;
13:50:12,247,236,205,158,120,112,138,188,231,250,255;
13:50:11,255,250,233,202,176,173,195,225,243,245,241;
13:50:10,255,254,253,252,250,248,248,247,248,248,248;
13:50:09,225,207,157,80,23,17,70,157,224,251,255;
13:50:08,224,205,154,77,20,16,69,156,223,251,255;
13:50:07,223,204,153,76,21,18,72,159,225,251,255;
13:50:06,222,203,152,75,21,19,74,161,226,252,255;
13:50:05,219,200,148,72,19,19,76,165,229,253,255;
13:50:04,218,198,146,70,19,21,79,166,230,253,255;
13:50:03,216,196,143,68,18,22,81,169,232,254,255;
13:50:02,215,194,141,65,16,21,82,170,233,254,255;
13:50:01,214,194,141,65,17,23,85,173,234,255,254;
13:50:00,211,190,137,63,18,26,89,177,236,255,253;
13:49:59,211,190,138,65,20,28,89,177,237,255,253;
13:49:58,206,184,131,58,16,28,92,180,238,255,252;
13:49:57,249,242,223,197,181,182,201,229,248,255,254;
13:49:56,255,254,253,251,249,246,244,242,241,241,240;
13:49:55,255,244,201,117,48,47,116,206,251,248,233;
13:49:54,199,177,122,52,15,33,102,190,243,255,250;
13:49:53,196,173,117,46,11,32,103,191,243,255,249;
13:49:52,196,173,117,47,14,35,106,192,244,255,250;
13:49:51,195,172,116,46,13,34,105,192,244,255,249;
13:49:50,194,170,115,46,13,35,106,193,245,255,249;
13:49:49,195,171,116,46,14,35,106,192,244,255,249;
13:49:48,195,172,117,48,15,35,106,193,244,255,249;
13:49:47,196,173,118,49,16,37,108,194,245,255,249;
13:49:46,196,173,119,50,18,39,110,195,245,255,249;
13:49:45,196,173,119,51,20,40,110,194,245,255,249;
13:49:44,91,116,174,238,255,208,122,40,4,7,21;
13:49:43,91,116,174,238,255,208,123,40,5,8,21;
13:49:42,240,243,249,254,255,250,242,235,231,231,231;
13:49:41,252,253,254,254,255,254,254,254,254,254,254;
13:49:40,254,255,254,253,252,251,250,249,249,249,249;
13:49:39,91,117,175,239,255,209,124,42,5,7,20;
13:49:38,91,117,175,239,255,209,124,42,5,7,20;
13:49:37,91,117,175,239,255,209,124,41,5,7,21;
13:49:36,91,116,174,238,255,209,124,42,5,8,21;
13:49:35,90,116,174,239,255,208,123,41,4,7,20;
13:49:34,90,116,174,238,255,208,123,41,5,7,20;
13:49:33,90,115,173,238,255,208,123,41,5,7,20;
13:49:32,89,115,173,237,255,209,124,41,4,6,20;
13:49:31,92,117,175,239,255,208,123,41,5,8,21;
13:49:30,92,117,175,239,255,209,124,42,6,9,22;
13:49:29,89,115,173,238,255,208,123,41,4,7,19;
13:49:28,90,115,173,237,255,210,125,42,5,7,20;
13:49:27,255,254,253,251,249,248,247,247,247,248,248;
13:49:26,254,254,254,253,253,252,252,253,253,254,255;
13:49:25,255,254,253,251,249,247,246,245,245,245,245;
13:49:24,92,118,175,239,255,209,124,41,5,8,21;
13:49:23,91,117,175,239,255,208,123,41,5,8,21;
13:49:22,91,116,173,238,255,209,123,40,4,7,21;
13:49:21,91,116,174,239,255,208,124,42,5,8,21;
13:49:20,90,116,174,238,255,208,122,40,4,7,20;
13:49:19,91,117,175,239,255,208,123,42,5,8,21;
13:49:18,252,253,255,254,251,247,243,239,238,238,239;
13:47:40,255,253,250,244,236,227,221,218,220,223,225;
13:47:39,101,120,167,227,255,232,171,101,60,51,56;
13:47:38,106,125,171,228,255,232,172,103,63,56,61;
13:47:37,106,124,169,227,255,235,177,108,67,58,63;
13:47:36,106,124,169,227,255,233,173,105,66,59,63;
13:47:35,109,127,171,228,255,233,176,110,71,63,67;
13:47:34,109,127,170,226,255,235,178,113,75,66,70;
13:47:33,110,127,169,225,255,237,182,116,76,68,71;
13:47:32,107,125,168,224,255,238,182,114,73,63,67;
13:47:31,110,127,169,225,255,239,185,120,79,69,72;
13:47:30,112,129,170,225,255,240,186,121,81,71,74;
13:47:29,109,126,168,225,255,239,186,121,80,69,71;
13:47:28,107,124,167,224,255,239,185,118,76,65,68;
13:47:27,254,255,254,253,252,250,249,249,249,250,250;
13:47:26,255,254,253,252,250,249,249,250,251,252,252;
13:47:25,245,246,247,248,250,251,252,253,254,254,255;
13:47:24,114,129,169,223,255,241,190,126,87,77,79;
13:47:23,113,128,168,222,255,244,195,131,90,78,80;
13:47:22,119,133,171,224,255,244,197,135,96,84,86;
13:47:21,116,131,170,224,255,244,196,135,94,82,83;
13:47:20,120,133,170,222,255,246,201,142,104,91,92;
13:47:19,125,139,174,224,255,246,204,148,111,99,99;
13:47:18,217,200,157,98,63,70,120,192,240,255,254;
13:47:17,119,134,173,225,255,242,193,131,92,82,84;
13:47:16,111,127,167,223,255,241,190,127,88,76,78;
13:47:15,97,115,160,220,255,241,187,117,71,58,60;
13:47:14,123,135,170,220,255,250,210,154,115,101,100;
13:47:13,120,131,163,215,253,255,219,164,123,105,102;
13:47:12,255,253,251,248,246,243,242,240,240,239,239;
13:47:11,255,254,253,250,248,245,243,242,241,241,240;
13:47:10,255,254,252,250,249,248,248,248,249,250,251;
13:47:09,151,143,134,143,177,221,252,255,232,205,189;
13:47:08,126,114,96,101,141,198,243,255,233,202,181;
13:47:07,128,115,94,95,133,191,239,255,236,206,185;
13:47:06,127,113,91,90,128,186,237,255,237,207,186;
13:47:05,126,112,91,91,128,186,237,255,236,205,184;
13:47:04,132,120,101,104,142,198,243,255,234,205,185;
13:47:03,133,122,107,113,152,204,245,255,233,203,184;
13:47:02,129,118,103,110,152,207,248,255,231,200,180;
13:47:01,127,112,90,88,126,186,237,255,236,206,185;
13:47:00,116,98,67,55,89,156,223,255,241,209,186;
13:46:59,110,88,49,29,64,138,214,255,246,214,189;
13:46:58,107,84,40,14,46,123,207,255,249,217,191;
13:46:57,255,254,253,252,251,251,250,250,249,248,248;
13:46:56,255,254,252,251,249,247,246,245,245,245,245;
13:46:55,255,254,253,251,248,246,244,243,242,242,242;
13:46:54,109,83,34,3,31,110,199,255,254,224,198;
13:46:53,106,81,34,4,32,110,199,255,253,222,195;
13:46:52,107,82,36,6,35,113,201,255,252,220,194;
13:46:51,108,84,38,9,38,115,201,255,252,221,195;
13:46:50,107,83,39,12,42,118,203,255,251,219,193;
13:46:49,110,85,37,7,35,113,201,255,253,223,197;
13:46:48,111,85,36,3,31,109,198,254,255,225,199;
13:46:47,110,85,35,1,26,103,193,252,255,225,199;
13:46:46,112,87,36,1,25,102,192,251,255,226,201;
13:46:45,112,86,36,1,25,101,191,251,255,226,200;
13:46:44,111,85,36,1,26,102,192,252,255,225,200;
13:46:43,113,87,37,1,25,102,192,251,255,226,201;
13:46:42,255,254,254,253,252,251,250,249,249,249,250;
13:46:41,255,254,253,252,250,249,247,247,247,248,248;
13:46:40,251,251,251,250,250,249,249,250,252,254,255;
13:46:39,111,86,36,1,26,103,194,253,255,225,200;
13:46:38,112,86,36,1,26,102,192,251,255,226,201;
13:46:37,112,87,37,1,25,102,192,252,255,226,201;
13:46:36,113,87,37,1,24,101,191,251,255,226,201;
13:46:35,113,87,37,1,24,100,190,250,255,227,202;
13:46:34,113,87,37,1,24,99,189,250,255,226,201;
13:46:33,112,87,37,1,24,100,191,251,255,226,201;
13:46:32,114,88,38,1,24,99,189,250,255,227,202;
13:46:31,113,87,37,1,24,99,189,250,255,227,202;
13:46:30,113,87,37,1,25,101,192,252,255,226,201;
13:46:29,111,85,36,1,25,101,192,252,255,225,200;
13:46:28,113,87,37,1,24,101,192,252,255,226,201;
13:46:27,255,254,252,251,249,247,246,245,244,243,243;
13:46:26,255,254,252,251,248,247,246,247,247,248,248;
13:46:25,255,254,253,251,249,248,247,247,248,248,248;
13:46:24,112,86,36,1,24,100,190,251,255,226,201;
13:46:23,111,85,35,1,25,101,191,251,255,226,200;
13:46:22,111,86,36,1,25,101,192,252,255,225,200;
13:46:21,111,86,36,1,25,101,192,252,255,225,200;
13:46:20,111,85,35,1,26,103,193,252,255,226,201;
13:46:19,229,212,163,85,24,14,63,149,218,249,255;
13:46:18,228,210,161,84,24,15,64,150,219,249,255;
13:46:17,228,210,162,84,23,14,63,150,219,249,255;
13:46:16,230,212,163,85,25,15,64,150,218,249,255;
13:46:15,229,211,163,86,26,17,65,151,219,249,255;
13:46:14,230,213,164,86,26,17,65,150,219,249,255;
13:46:13,229,211,163,86,26,17,66,152,220,250,255;
13:46:12,255,254,253,252,251,251,251,251,251,251,251;
13:46:11,255,254,253,251,250,248,248,248,247,247,247;
13:46:10,255,254,252,250,247,244,241,238,236,235,234;
13:46:09,229,212,163,84,23,15,64,150,219,249,255;
13:46:08,228,210,161,82,22,13,62,149,218,249,255;
13:46:07,228,210,161,84,23,15,64,151,220,250,255;
